2 3 14 16 15 2 20 11 4 11 
14 19 0 4 6 4 3 1 11 9 
7 17 9 14 5 9 15 11 8 9 
3 6 8 14 0 0 16 19 19 13 
4 10 10 8 6 19 7 3 3 13 
19 6 5 5 1 4 13 3 19 8 
9 15 13 10 3 16 15 17 7 13 
10 20 9 7 12 5 9 17 15 1 
8 15 19 11 11 17 12 16 17 6 
14 13 9 9 12 3 3 13 17 7 
6 2 6 5 16 18 8 18 4 18 
8 9 6 16 0 12 1 5 4 14 
3 11 3 2 10 6 10 11 16 2 
4 12 3 3 8 11 17 13 7 14 
3 5 0 5 10 14 18 11 6 11 
19 6 3 20 5 6 4 8 15 0 
14 19 14 10 18 1 2 10 17 17 
11 1 17 20 17 8 12 18 1 2 
1 1 16 11 15 4 2 11 17 4 
3 8 6 13 4 6 9 2 0 1 
9 20 14 16 18 8 3 16 17 16 
9 4 14 13 6 18 5 12 19 16 
8 1 11 11 16 19 1 18 4 13 
11 2 0 0 15 0 3 12 10 12 
0 3 6 16 16 19 5 0 4 6 
18 2 6 15 7 20 19 14 10 20 
3 4 10 6 8 18 13 0 7 14 
8 14 20 4 7 19 8 15 13 12 
9 6 17 18 9 4 3 19 7 16 
16 20 20 8 20 6 10 1 19 16 
5 8 9 8 17 11 13 3 7 7 
0 9 0 20 18 9 14 13 5 8 
13 20 9 12 4 18 1 0 11 1 
15 17 11 2 2 7 17 18 3 2 
18 10 10 13 18 12 7 18 12 16 
2 18 0 6 6 13 3 14 14 19 
17 16 5 20 9 7 17 12 12 4 
12 11 10 16 0 0 9 9 20 7 
19 12 19 19 11 9 20 15 6 15 
20 13 12 1 1 8 0 6 18 17 
19 3 10 10 6 10 10 2 9 5 
19 16 0 13 20 18 11 20 11 11 
3 6 14 4 5 12 11 1 12 17 
12 15 9 8 9 19 5 1 0 12 
3 20 10 7 5 19 6 18 20 9 
10 13 2 19 20 15 0 16 12 10 
12 4 15 8 9 11 7 2 5 17 
1 6 19 2 16 18 5 16 2 3 
15 17 1 17 1 15 12 16 0 12 
19 9 7 1 10 9 20 9 19 1 
5 16 11 9 4 3 1 20 5 2 
5 12 16 10 6 7 6 2 20 16 
14 6 20 8 7 0 7 13 11 4 
19 14 18 15 16 14 2 0 5 20 
17 3 20 16 10 17 6 20 14 10 
10 19 16 3 18 4 20 10 15 17 
12 10 1 20 7 12 16 7 13 15 
8 12 0 17 8 12 20 0 15 11 
14 17 9 8 1 16 2 15 19 6 
10 7 20 13 17 5 13 0 10 16 
15 19 7 3 20 0 5 18 12 15 
17 10 20 1 18 12 9 0 1 5 
1 8 6 10 10 4 17 14 16 17 
3 13 9 5 5 8 1 14 8 2 
18 16 18 2 6 11 8 16 18 14 
5 9 16 19 18 20 2 0 16 13 
9 0 0 9 10 11 5 16 14 19 
10 4 10 15 11 8 0 20 2 9 
2 6 13 18 5 11 4 18 5 16 
16 15 8 2 3 3 13 19 18 11 
17 7 20 19 16 8 0 5 15 20 
18 5 19 9 1 18 8 6 18 19 
17 17 4 6 3 17 0 15 6 19 
0 2 8 6 8 0 3 14 9 15 
0 20 6 11 20 10 9 14 2 19 
2 18 17 10 0 0 5 6 20 13 
6 12 16 2 12 6 9 19 9 19 
13 18 9 9 5 6 8 11 6 1 
6 5 15 13 3 6 8 13 11 12 
0 17 2 5 16 19 4 9 20 1 
17 4 17 18 19 4 18 16 0 17 
19 19 17 7 12 17 9 7 18 1 
3 17 19 17 6 4 8 20 15 3 
19 3 4 1 19 14 4 1 20 9 
7 5 18 0 1 17 8 20 17 5 
10 15 5 5 11 9 3 12 6 0 
5 7 6 6 14 19 7 1 7 16 
2 9 20 11 0 3 1 3 12 18 
5 20 17 12 7 9 18 12 3 5 
12 16 0 8 0 2 5 3 11 1 
8 17 10 15 6 4 6 13 19 6 
17 16 19 2 11 12 7 12 11 2 
2 5 2 16 20 7 11 1 16 16 
0 3 4 14 10 9 12 20 0 5 
5 8 14 14 2 14 4 9 8 1 
15 15 12 12 12 4 17 5 4 13 
20 11 18 19 17 15 5 10 12 15 
3 8 9 5 1 7 7 7 7 2 
1 6 11 14 5 11 4 17 9 17 
16 1 16 12 0 11 19 2 19 20 